Hour	VMT (Veh-Miles)	Truck VMT (Veh-Miles)	# Lane Points	% Observed
02/15/2020 00:00	7,242,278.7	335,246.8	420468	67.2
02/15/2020 01:00	5,105,082.9	264,577.4	420468	67.1
02/15/2020 02:00	4,243,227.7	239,710.0	420552	67.1
02/15/2020 03:00	3,792,823.3	235,946.5	420468	66.0
02/15/2020 04:00	4,660,973.0	285,664.8	420468	66.0
02/15/2020 05:00	7,123,530.4	386,538.5	420552	66.9
02/15/2020 06:00	11,010,479.9	518,300.6	420468	66.9
02/15/2020 07:00	15,172,165.3	649,589.9	420468	67.0
02/15/2020 08:00	19,127,495.6	748,538.2	420468	67.1
02/15/2020 09:00	22,455,051.7	835,594.3	420264	67.1
02/15/2020 10:00	24,365,129.1	881,736.3	420468	67.2
02/15/2020 11:00	25,255,826.2	897,404.0	420468	67.2
02/15/2020 12:00	25,624,414.9	901,631.3	420468	67.2
02/15/2020 13:00	25,532,563.0	877,225.4	420468	67.2
02/15/2020 14:00	25,423,236.1	854,312.4	420468	67.3
02/15/2020 15:00	25,240,265.7	829,905.4	420468	67.2
02/15/2020 16:00	24,867,097.8	799,859.5	420468	67.3
02/15/2020 17:00	24,070,811.1	758,262.9	420468	67.2
02/15/2020 18:00	22,150,505.7	700,601.4	420468	67.2
02/15/2020 19:00	19,169,669.1	594,675.0	420468	67.1
02/15/2020 20:00	16,682,712.8	513,760.3	420264	67.1
02/15/2020 21:00	15,286,096.5	465,279.2	420468	67.0
02/15/2020 22:00	13,364,003.8	405,420.9	420264	67.0
02/15/2020 23:00	10,118,446.2	320,074.3	420264	67.1
02/16/2020 00:00	7,046,954.9	233,931.2	420468	67.2
02/16/2020 01:00	4,891,483.5	179,591.6	420468	67.2
02/16/2020 02:00	3,949,974.3	158,553.3	420468	67.2
02/16/2020 03:00	3,123,725.9	139,223.5	420468	67.2
02/16/2020 04:00	3,243,440.0	148,503.2	420468	67.2
02/16/2020 05:00	4,438,772.3	196,550.8	420264	67.0
02/16/2020 06:00	6,773,012.6	267,694.8	420468	67.1
02/16/2020 07:00	9,550,687.5	356,073.3	420468	67.1
02/16/2020 08:00	13,346,246.0	464,252.7	420552	67.2
02/16/2020 09:00	18,001,342.9	588,635.3	420468	67.2
02/16/2020 10:00	21,547,289.6	689,956.0	420468	67.2
02/16/2020 11:00	23,310,102.0	750,236.6	420468	67.3
02/16/2020 12:00	24,126,971.0	782,033.7	420468	67.3
02/16/2020 13:00	24,463,550.5	791,929.6	420468	67.3
02/16/2020 14:00	24,380,868.9	784,808.4	420468	67.3
02/16/2020 15:00	23,932,710.1	769,216.0	417613	67.3
02/16/2020 16:00	23,701,649.5	752,512.6	420468	67.2
02/16/2020 17:00	22,808,596.0	717,900.6	420468	67.3
02/16/2020 18:00	21,368,030.2	676,679.1	420468	67.3
02/16/2020 19:00	18,996,946.8	601,432.5	420264	67.2
02/16/2020 20:00	16,726,460.4	538,476.5	420468	66.8
02/16/2020 21:00	14,390,188.7	472,983.8	420468	66.5
02/16/2020 22:00	11,068,789.7	384,750.4	420468	65.4
02/16/2020 23:00	7,530,988.4	290,038.4	420468	65.4
02/17/2020 00:00	4,952,983.4	220,861.0	420468	65.3
02/17/2020 01:00	3,472,249.5	189,282.7	420468	65.3
02/17/2020 02:00	3,092,391.9	188,276.2	420468	65.2
02/17/2020 03:00	3,808,170.2	243,445.9	420468	65.0
02/17/2020 04:00	6,710,738.5	370,525.5	420468	64.8
02/17/2020 05:00	11,510,554.6	569,909.4	420468	64.8
02/17/2020 06:00	15,884,970.8	740,507.9	420468	64.8
02/17/2020 07:00	18,534,101.1	856,118.6	420468	64.9
02/17/2020 08:00	19,223,623.3	917,825.7	420468	65.0
02/17/2020 09:00	20,713,802.2	1,002,234.9	420468	65.0
02/17/2020 10:00	22,551,322.7	1,074,056.2	420468	65.1
02/17/2020 11:00	23,706,255.3	1,110,345.2	420468	65.1
02/17/2020 12:00	24,280,222.6	1,112,729.9	420264	65.1
02/17/2020 13:00	24,930,504.5	1,094,109.7	420552	65.0
02/17/2020 14:00	25,647,037.9	1,056,346.4	420468	65.0
02/17/2020 15:00	25,936,003.1	1,005,743.2	420468	65.0
02/17/2020 16:00	25,654,133.3	957,272.5	420468	65.0
02/17/2020 17:00	24,826,667.7	900,626.5	420468	65.2
02/17/2020 18:00	22,105,755.7	815,296.3	420468	67.0
02/17/2020 19:00	18,661,854.9	706,445.8	420468	66.9
02/17/2020 20:00	15,714,136.1	617,465.3	420468	66.9
02/17/2020 21:00	13,057,858.2	543,761.6	420264	66.9
02/17/2020 22:00	9,719,498.1	447,721.4	420552	66.9
02/17/2020 23:00	6,595,547.8	350,118.3	420468	66.9
02/18/2020 00:00	4,395,998.2	264,977.5	420468	65.2
02/18/2020 01:00	3,234,672.4	224,157.9	420468	65.2
02/18/2020 02:00	3,117,456.3	234,198.0	420468	65.1
02/18/2020 03:00	4,351,949.0	315,844.2	420468	65.1
02/18/2020 04:00	8,716,965.7	503,007.9	420468	65.0
02/18/2020 05:00	15,605,690.3	752,975.6	420552	65.0
02/18/2020 06:00	21,418,564.8	948,008.2	420468	64.4
02/18/2020 07:00	24,919,039.8	1,094,090.8	420468	65.2
02/18/2020 08:00	23,828,861.4	1,141,510.2	420264	65.2
02/18/2020 09:00	22,176,935.2	1,145,753.6	420264	65.3
02/18/2020 10:00	21,166,350.3	1,158,010.6	420468	65.3
02/18/2020 11:00	21,432,530.4	1,190,510.7	420468	65.3
02/18/2020 12:00	22,075,516.1	1,195,833.1	420468	65.3
02/18/2020 13:00	23,025,529.7	1,186,590.8	420468	65.3
02/18/2020 14:00	24,780,114.4	1,156,351.2	420468	65.2
02/18/2020 15:00	25,765,591.1	1,128,184.3	420468	65.2
02/18/2020 16:00	25,714,219.3	1,067,761.7	420264	65.2
02/18/2020 17:00	25,363,303.6	1,034,127.5	420468	65.3
02/18/2020 18:00	22,388,021.1	926,960.9	420468	65.2
02/18/2020 19:00	18,120,369.5	765,972.6	420264	65.2
02/18/2020 20:00	14,824,739.1	647,388.2	420468	65.2
02/18/2020 21:00	12,451,150.9	571,270.3	420468	65.2
02/18/2020 22:00	9,403,981.0	469,577.8	420468	65.1
02/18/2020 23:00	6,353,212.7	363,429.7	420468	65.1
02/19/2020 00:00	4,388,972.4	286,779.9	420468	67.2
02/19/2020 01:00	3,308,163.7	241,931.7	420468	67.2
02/19/2020 02:00	3,198,933.3	247,560.8	420468	67.2
02/19/2020 03:00	4,361,733.6	328,860.0	420468	67.1
02/19/2020 04:00	8,617,424.0	516,918.7	420468	67.0
02/19/2020 05:00	15,601,035.6	777,357.5	420468	67.0
02/19/2020 06:00	21,541,424.5	980,492.6	420264	64.4
02/19/2020 07:00	25,190,791.4	1,138,923.2	420468	61.8
02/19/2020 08:00	23,756,419.1	1,170,987.9	420468	67.1
02/19/2020 09:00	21,944,894.0	1,168,888.1	420264	67.2
02/19/2020 10:00	21,305,359.0	1,195,739.3	420468	67.2
02/19/2020 11:00	21,471,865.8	1,213,196.9	420468	66.7
02/19/2020 12:00	22,036,356.6	1,208,625.5	420468	67.2
02/19/2020 13:00	23,075,438.9	1,195,963.8	420468	67.2
02/19/2020 14:00	24,835,725.3	1,172,818.3	420468	67.2
02/19/2020 15:00	25,713,768.9	1,121,044.6	420468	66.3
02/19/2020 16:00	25,774,819.6	1,070,665.0	420468	65.5
02/19/2020 17:00	25,453,322.8	1,038,717.6	420468	66.3
02/19/2020 18:00	22,615,490.1	935,239.8	420468	64.4
02/19/2020 19:00	18,462,070.1	775,281.9	420468	67.0
02/19/2020 20:00	15,394,463.5	667,476.9	420264	64.2
02/19/2020 21:00	13,169,511.4	590,468.0	420264	51.8
02/19/2020 22:00	9,870,470.8	480,678.5	420468	55.2
02/19/2020 23:00	6,607,116.4	368,138.0	420468	66.9
02/20/2020 00:00	4,512,138.5	291,598.7	421095	67.0
02/20/2020 01:00	3,377,867.8	244,948.4	421152	67.0
02/20/2020 02:00	3,241,369.9	249,183.8	421152	66.9
02/20/2020 03:00	4,425,149.8	329,552.9	421236	66.6
02/20/2020 04:00	8,699,051.9	517,768.1	421152	65.1
02/20/2020 05:00	15,696,181.6	781,248.1	421152	65.0
02/20/2020 06:00	21,800,781.5	988,196.7	421152	65.0
02/20/2020 07:00	25,122,414.8	1,124,072.0	421152	65.1
02/20/2020 08:00	24,134,453.5	1,171,776.8	421152	65.2
02/20/2020 09:00	22,263,420.8	1,164,630.9	421152	64.7
02/20/2020 10:00	21,651,486.0	1,192,521.1	421152	65.5
02/20/2020 11:00	21,962,478.5	1,220,325.8	421152	67.1
02/20/2020 12:00	22,639,447.8	1,218,919.4	421152	67.2
02/20/2020 13:00	23,615,325.7	1,195,117.9	421152	67.1
02/20/2020 14:00	25,213,260.3	1,161,586.6	421152	67.1
02/20/2020 15:00	26,012,277.2	1,117,246.8	421152	67.1
02/20/2020 16:00	25,987,101.8	1,064,577.3	421152	67.1
02/20/2020 17:00	25,656,107.7	1,028,650.8	421152	67.1
02/20/2020 18:00	23,031,847.3	933,926.0	421152	67.1
02/20/2020 19:00	19,317,273.4	798,052.0	421152	67.1
02/20/2020 20:00	16,343,348.3	689,142.6	420313	67.1
02/20/2020 21:00	13,916,708.3	604,814.6	421152	67.0
02/20/2020 22:00	10,757,422.2	500,092.5	421152	67.0
02/20/2020 23:00	7,441,269.0	395,259.7	421152	67.0
02/21/2020 00:00	5,076,512.0	311,467.2	421152	66.9
02/21/2020 01:00	3,741,778.4	261,140.5	421152	66.9
02/21/2020 02:00	3,544,391.2	266,855.0	421152	66.9
02/21/2020 03:00	4,535,316.2	337,230.0	421236	66.8
02/21/2020 04:00	8,450,466.8	516,546.9	421152	66.7
02/21/2020 05:00	15,075,629.5	778,010.9	421152	66.7
02/21/2020 06:00	21,082,700.3	983,960.1	421152	66.8
02/21/2020 07:00	24,775,248.3	1,130,159.4	421152	66.9
02/21/2020 08:00	23,963,902.6	1,180,044.1	421152	67.0
02/21/2020 09:00	22,714,158.7	1,200,077.8	421152	67.1
02/21/2020 10:00	22,880,389.3	1,236,149.8	420948	67.0
02/21/2020 11:00	23,644,311.3	1,247,709.8	421152	67.0
02/21/2020 12:00	24,586,807.2	1,240,495.5	421152	67.0
02/21/2020 13:00	25,416,101.6	1,200,705.4	421152	67.0
02/21/2020 14:00	26,466,445.1	1,156,408.0	421152	67.0
02/21/2020 15:00	26,763,340.6	1,110,749.4	421152	67.0
02/21/2020 16:00	26,823,879.5	1,056,509.0	421152	67.0
02/21/2020 17:00	26,172,078.6	1,010,020.1	421152	67.0
02/21/2020 18:00	23,873,844.5	927,216.6	421152	67.0
02/21/2020 19:00	20,743,962.8	790,691.0	421152	66.9
02/21/2020 20:00	17,796,106.0	682,744.7	421152	66.9
02/21/2020 21:00	15,674,848.1	606,307.9	421152	66.9
02/21/2020 22:00	12,978,148.5	521,740.2	420948	66.8
02/21/2020 23:00	9,728,231.7	415,698.8	421236	57.6
02/22/2020 00:00	6,649,182.3	318,846.6	421097	67.3
02/22/2020 01:00	4,776,495.1	254,929.5	421092	67.3
02/22/2020 02:00	4,051,992.0	232,240.5	420649	67.3
02/22/2020 03:00	3,707,308.6	232,015.7	421092	67.4
02/22/2020 04:00	4,616,113.6	280,229.5	421092	67.4
02/22/2020 05:00	7,002,948.7	376,616.3	421092	67.3
02/22/2020 06:00	10,789,753.2	504,804.9	420888	67.2
02/22/2020 07:00	15,013,548.6	641,642.0	421176	67.3
02/22/2020 08:00	18,682,701.5	744,348.3	421092	67.4
02/22/2020 09:00	21,447,860.2	823,316.7	421092	67.4
02/22/2020 10:00	23,120,394.1	866,582.0	421092	67.5
02/22/2020 11:00	24,052,626.7	887,133.2	421092	67.5
02/22/2020 12:00	24,480,722.6	892,800.6	421092	67.5
02/22/2020 13:00	24,443,237.9	867,972.0	421092	67.5
02/22/2020 14:00	24,628,335.1	845,229.3	421092	67.3
02/22/2020 15:00	24,608,059.9	820,819.4	421092	67.5
02/22/2020 16:00	24,390,662.7	795,931.9	421176	67.5
02/22/2020 17:00	23,506,384.5	748,247.7	421092	67.4
02/22/2020 18:00	21,526,838.3	687,901.2	421092	67.3
02/22/2020 19:00	18,297,356.4	580,812.5	421092	67.2
02/22/2020 20:00	15,739,723.4	494,681.2	421176	67.2
02/22/2020 21:00	14,632,339.7	453,555.4	421092	67.0
02/22/2020 22:00	13,603,397.2	416,295.5	421092	66.9
02/22/2020 23:00	10,227,769.0	322,732.9	420888	61.7
02/23/2020 00:00	6,964,535.8	234,160.8	421092	63.4
02/23/2020 01:00	4,795,895.4	178,950.0	421176	67.3
02/23/2020 02:00	3,865,400.0	156,328.9	421092	67.3
02/23/2020 03:00	3,110,602.3	140,964.1	421092	67.3
02/23/2020 04:00	3,269,503.9	152,546.5	421092	67.5
02/23/2020 05:00	4,521,041.5	199,115.7	421092	67.3
02/23/2020 06:00	6,946,308.6	279,623.2	421176	67.4
02/23/2020 07:00	9,615,504.2	367,240.8	421092	67.5
02/23/2020 08:00	13,167,415.0	470,612.7	421092	67.6
02/23/2020 09:00	17,753,136.7	594,185.0	421092	67.6
02/23/2020 10:00	21,199,821.5	692,903.7	421092	67.6
02/23/2020 11:00	23,053,112.3	757,245.6	421092	67.6
02/23/2020 12:00	24,061,087.3	793,589.8	420888	67.6
02/23/2020 13:00	24,446,518.6	798,107.2	421092	67.6
02/23/2020 14:00	24,489,501.4	790,327.6	421092	67.6
02/23/2020 15:00	24,137,312.3	776,060.1	420888	67.6
02/23/2020 16:00	23,838,298.9	763,148.7	421092	67.6
02/23/2020 17:00	22,944,275.5	732,206.2	421092	67.6
02/23/2020 18:00	21,664,430.5	697,226.2	421092	67.3
02/23/2020 19:00	19,262,137.1	622,372.3	421092	67.4
02/23/2020 20:00	16,908,910.7	556,811.3	421176	67.3
02/23/2020 21:00	13,741,362.0	470,429.8	421092	67.4
02/23/2020 22:00	10,300,373.4	381,818.6	421092	67.3
02/23/2020 23:00	6,891,721.6	287,776.4	421092	67.2
02/24/2020 00:00	4,487,504.0	221,308.5	421092	67.0
02/24/2020 01:00	3,206,569.9	189,569.8	421092	67.0
02/24/2020 02:00	3,060,714.5	202,060.4	420888	66.9
02/24/2020 03:00	4,331,564.6	284,219.7	421092	66.9
02/24/2020 04:00	8,699,570.5	468,535.5	421092	66.8
02/24/2020 05:00	15,437,519.2	720,315.8	421092	66.8
02/24/2020 06:00	21,365,995.2	938,976.3	421092	66.7
02/24/2020 07:00	24,802,454.2	1,092,795.6	421092	66.9
02/24/2020 08:00	23,548,638.7	1,127,281.2	420888	67.1
02/24/2020 09:00	21,699,450.3	1,136,128.3	421092	67.1
02/24/2020 10:00	20,954,369.7	1,152,850.9	421092	67.3
02/24/2020 11:00	20,920,835.2	1,167,147.8	421092	67.2
02/24/2020 12:00	21,733,878.9	1,179,792.9	421092	67.2
02/24/2020 13:00	22,689,774.3	1,168,540.3	421092	67.2
02/24/2020 14:00	24,467,571.8	1,149,666.0	420682	67.1
02/24/2020 15:00	25,512,572.6	1,109,690.2	421092	67.2
02/24/2020 16:00	25,615,971.1	1,058,347.8	421092	67.2
02/24/2020 17:00	25,135,384.7	1,014,125.8	421092	67.2
02/24/2020 18:00	22,050,661.3	912,183.3	421176	67.2
02/24/2020 19:00	17,718,810.9	754,847.9	421092	67.0
02/24/2020 20:00	14,162,791.8	627,687.5	421092	67.0
02/24/2020 21:00	11,842,016.2	550,839.2	421092	67.1
02/24/2020 22:00	9,021,018.5	452,549.9	421092	67.1
02/24/2020 23:00	6,180,640.9	350,629.9	421176	67.0
02/25/2020 00:00	4,254,724.5	276,784.9	421037	67.4
02/25/2020 01:00	3,227,071.6	236,323.5	421032	67.4
02/25/2020 02:00	3,157,964.2	245,508.4	421032	67.3
02/25/2020 03:00	4,337,693.8	326,764.4	421032	67.3
02/25/2020 04:00	8,595,886.0	518,158.2	421116	67.1
02/25/2020 05:00	15,521,852.9	772,851.9	420828	67.1
02/25/2020 06:00	21,610,970.9	979,939.5	421032	67.1
02/25/2020 07:00	24,863,015.9	1,135,204.1	421032	67.2
02/25/2020 08:00	23,643,764.7	1,162,478.9	421032	67.3
02/25/2020 09:00	21,867,293.6	1,158,853.3	421032	67.4
02/25/2020 10:00	20,987,419.7	1,178,296.8	421032	67.3
02/25/2020 11:00	20,944,003.6	1,188,042.3	421032	67.1
02/25/2020 12:00	21,598,990.3	1,194,791.1	421032	67.1
02/25/2020 13:00	22,561,569.3	1,178,064.3	421116	67.0
02/25/2020 14:00	24,366,268.2	1,150,181.6	421032	66.9
02/25/2020 15:00	25,473,445.7	1,115,706.0	421032	66.8
02/25/2020 16:00	25,477,497.0	1,062,458.0	421032	66.8
02/25/2020 17:00	25,175,416.3	1,033,363.4	421032	66.9
02/25/2020 18:00	22,328,625.6	930,867.2	421032	66.9
02/25/2020 19:00	18,220,046.9	780,705.2	421032	66.8
02/25/2020 20:00	14,879,110.8	661,983.7	421032	66.8
02/25/2020 21:00	12,577,457.2	579,457.1	421032	66.9
02/25/2020 22:00	9,681,978.1	480,004.0	421032	66.9
02/25/2020 23:00	6,519,334.5	362,492.0	420972	66.9
02/26/2020 00:00	4,440,454.7	285,078.2	421032	67.0
02/26/2020 01:00	3,307,214.6	238,154.5	421032	67.0
02/26/2020 02:00	3,199,732.8	246,117.4	421032	66.9
02/26/2020 03:00	4,333,766.5	323,437.7	420828	66.9
02/26/2020 04:00	8,627,862.9	512,912.1	421032	66.8
02/26/2020 05:00	15,679,980.9	780,042.9	421116	66.7
02/26/2020 06:00	21,708,142.2	987,802.8	421032	66.7
02/26/2020 07:00	24,954,926.8	1,137,226.5	420828	66.9
02/26/2020 08:00	23,532,218.8	1,153,468.6	420828	66.9
02/26/2020 09:00	21,941,765.1	1,162,503.6	421032	67.0
02/26/2020 10:00	21,105,565.3	1,177,602.3	421032	65.4
02/26/2020 11:00	21,246,953.8	1,198,128.0	420828	54.9
02/26/2020 12:00	22,060,980.6	1,198,672.8	420828	51.1
02/26/2020 13:00	22,987,844.1	1,188,339.7	421032	64.3
02/26/2020 14:00	24,745,024.7	1,159,311.7	421032	67.0
02/26/2020 15:00	25,625,738.3	1,112,072.2	421032	66.9
02/26/2020 16:00	25,638,235.5	1,066,527.5	421032	66.9
02/26/2020 17:00	25,112,897.1	1,021,075.6	421032	67.0
02/26/2020 18:00	22,662,639.3	936,593.7	421032	67.0
02/26/2020 19:00	18,656,073.8	781,416.3	421032	66.9
02/26/2020 20:00	15,520,857.5	669,369.0	420828	66.9
02/26/2020 21:00	13,160,098.8	589,455.4	421032	66.9
02/26/2020 22:00	9,888,553.6	478,739.4	421032	66.9
02/26/2020 23:00	6,700,290.7	367,603.8	421032	66.8
02/27/2020 00:00	4,570,752.1	289,626.8	420999	67.3
02/27/2020 01:00	3,411,949.1	242,126.4	421080	67.3
02/27/2020 02:00	3,283,987.3	250,207.6	420996	67.2
02/27/2020 03:00	4,454,187.9	330,336.1	420996	67.2
02/27/2020 04:00	8,725,942.1	524,130.4	420996	67.2
02/27/2020 05:00	15,737,482.5	784,670.5	420996	67.2
02/27/2020 06:00	21,887,612.8	991,716.9	421080	67.2
02/27/2020 07:00	25,147,335.2	1,129,410.3	420792	67.2
02/27/2020 08:00	23,963,084.2	1,159,636.0	420996	66.8
02/27/2020 09:00	22,348,194.3	1,171,539.0	420792	67.3
02/27/2020 10:00	21,587,513.9	1,193,016.4	420996	67.3
02/27/2020 11:00	21,798,498.4	1,207,999.8	420996	67.2
02/27/2020 12:00	22,585,631.9	1,208,326.4	420996	67.1
02/27/2020 13:00	23,621,742.6	1,199,396.9	420996	67.0
02/27/2020 14:00	25,395,413.8	1,175,726.4	420996	67.0
02/27/2020 15:00	26,171,697.4	1,126,295.2	420996	66.7
02/27/2020 16:00	26,254,873.9	1,076,410.2	420996	63.8
02/27/2020 17:00	25,819,576.2	1,034,409.8	420996	66.8
02/27/2020 18:00	22,970,028.0	929,507.6	420996	67.0
02/27/2020 19:00	19,439,331.8	803,452.4	420996	66.9
02/27/2020 20:00	16,282,123.4	691,732.0	420996	66.9
02/27/2020 21:00	13,987,891.0	609,191.9	421080	66.9
02/27/2020 22:00	10,864,320.4	502,329.4	420996	66.9
02/27/2020 23:00	7,476,998.9	396,264.4	420996	66.9
02/28/2020 00:00	5,107,236.6	309,901.3	421194	67.6
02/28/2020 01:00	3,740,296.3	259,827.3	421212	67.6
02/28/2020 02:00	3,530,249.2	265,094.8	421296	67.5
02/28/2020 03:00	4,537,817.3	338,469.8	421296	67.5
02/28/2020 04:00	8,468,051.7	519,200.7	421212	67.4
02/28/2020 05:00	15,097,983.6	781,176.3	421212	67.4
02/28/2020 06:00	21,222,129.4	991,659.9	421212	66.2
02/28/2020 07:00	25,135,198.1	1,151,689.7	421212	67.5
02/28/2020 08:00	24,152,794.2	1,202,412.4	421212	65.7
02/28/2020 09:00	22,757,752.6	1,206,236.2	421212	65.4
02/28/2020 10:00	22,706,473.3	1,223,595.8	421212	65.3
02/28/2020 11:00	23,434,677.9	1,236,275.7	421212	65.3
02/28/2020 12:00	24,368,049.0	1,223,669.7	421212	65.2
02/28/2020 13:00	25,221,085.8	1,184,200.8	421212	65.2
02/28/2020 14:00	26,288,289.6	1,144,461.3	421212	65.2
02/28/2020 15:00	26,624,202.3	1,102,184.1	421008	65.2
02/28/2020 16:00	26,720,602.9	1,057,553.8	421212	64.5
02/28/2020 17:00	26,382,268.3	1,020,045.6	421212	65.1
02/28/2020 18:00	24,070,785.8	934,114.0	421296	65.1
02/28/2020 19:00	21,192,838.4	815,857.7	421212	65.1
02/28/2020 20:00	18,120,503.8	698,355.9	421212	65.1
02/28/2020 21:00	15,946,692.5	617,005.7	421008	65.1
02/28/2020 22:00	13,260,183.9	530,037.1	421212	65.1
02/28/2020 23:00	9,719,962.7	417,346.9	421212	65.0
02/29/2020 00:00	6,720,700.4	319,917.8	421296	65.3
02/29/2020 01:00	4,823,038.9	254,583.9	421212	65.3
02/29/2020 02:00	4,099,579.0	233,343.6	421212	65.2
02/29/2020 03:00	3,765,765.1	235,179.0	421212	65.3
02/29/2020 04:00	4,697,426.7	287,743.4	421212	65.1
02/29/2020 05:00	7,187,205.9	392,836.2	421212	65.1
02/29/2020 06:00	11,287,415.5	535,561.5	421212	65.1
02/29/2020 07:00	15,719,280.2	677,123.1	421212	65.2
02/29/2020 08:00	19,640,597.9	783,270.1	421212	65.2
02/29/2020 09:00	22,462,838.5	861,024.0	421212	65.3
02/29/2020 10:00	24,133,185.7	908,205.7	421212	65.3
02/29/2020 11:00	24,858,795.7	921,869.2	421212	65.3
02/29/2020 12:00	25,317,770.2	927,683.9	421212	65.3
02/29/2020 13:00	25,300,003.8	898,475.0	421008	57.4
02/29/2020 14:00	25,198,986.5	873,781.9	421008	63.9
02/29/2020 15:00	25,199,855.2	848,835.3	421212	65.3
02/29/2020 16:00	25,016,698.2	822,094.4	421212	65.3
02/29/2020 17:00	24,167,185.5	775,006.3	421212	65.2
02/29/2020 18:00	22,246,946.4	716,842.4	421212	65.1
02/29/2020 19:00	19,186,507.4	607,472.5	421212	65.1
02/29/2020 20:00	16,807,701.8	526,694.2	421212	65.0
02/29/2020 21:00	15,621,525.2	481,861.4	421212	65.0
02/29/2020 22:00	13,672,486.8	424,043.6	421212	65.1
02/29/2020 23:00	10,226,703.3	326,503.0	421212	65.1
03/01/2020 00:00	7,015,629.8	239,121.6	421212	65.2
03/01/2020 01:00	4,851,091.0	181,543.2	421212	65.2
03/01/2020 02:00	3,920,233.0	158,921.2	421212	65.2
03/01/2020 03:00	3,157,263.3	141,885.9	420162	65.2
03/01/2020 04:00	3,308,431.3	155,676.2	421296	65.2
03/01/2020 05:00	4,544,941.5	201,157.2	421212	64.0
03/01/2020 06:00	7,026,896.6	278,946.5	421212	65.1
03/01/2020 07:00	9,693,100.2	365,897.0	421212	65.2
03/01/2020 08:00	13,290,415.2	474,577.9	421212	65.2
03/01/2020 09:00	17,562,792.1	595,786.0	421296	65.2
03/01/2020 10:00	20,847,643.6	693,800.2	421212	65.3
03/01/2020 11:00	22,624,991.0	752,202.7	421212	65.2
03/01/2020 12:00	23,722,582.9	788,412.4	421212	65.2
03/01/2020 13:00	24,071,423.9	794,536.1	421212	65.2
03/01/2020 14:00	24,273,176.9	791,724.2	421212	65.1
03/01/2020 15:00	23,997,383.1	779,381.7	421212	63.9
03/01/2020 16:00	23,332,306.0	749,639.1	421212	65.1
03/01/2020 17:00	22,325,120.1	716,723.9	421212	65.0
03/01/2020 18:00	20,584,638.7	663,704.4	421008	65.0
03/01/2020 19:00	18,480,570.4	602,661.8	421212	65.0
03/01/2020 20:00	16,349,817.1	542,479.8	421212	65.0
03/01/2020 21:00	13,463,427.5	464,612.0	421212	65.0
03/01/2020 22:00	10,042,216.4	373,659.6	421212	65.0
03/01/2020 23:00	6,660,794.3	279,996.1	421212	64.9
03/02/2020 00:00	4,437,269.3	218,019.4	421296	64.6
03/02/2020 01:00	3,184,255.3	184,883.1	421212	64.6
03/02/2020 02:00	3,024,592.9	198,097.2	421212	64.5
03/02/2020 03:00	4,290,977.4	282,511.9	419947	64.4
03/02/2020 04:00	8,721,707.2	469,170.6	421296	64.4
03/02/2020 05:00	15,520,724.3	720,572.7	421296	64.4
03/02/2020 06:00	21,226,223.0	927,825.3	421008	64.4
03/02/2020 07:00	24,780,720.0	1,089,364.0	421008	64.6
03/02/2020 08:00	23,614,429.0	1,143,205.3	421008	64.8
03/02/2020 09:00	21,734,501.9	1,144,705.8	421212	64.8
03/02/2020 10:00	21,039,984.2	1,160,359.1	421212	64.7
03/02/2020 11:00	21,238,681.2	1,185,365.6	421212	64.7
03/02/2020 12:00	21,911,176.4	1,189,440.0	421212	64.7
03/02/2020 13:00	22,772,292.0	1,173,931.0	421212	64.6
03/02/2020 14:00	24,479,722.2	1,147,838.3	421008	64.5
03/02/2020 15:00	25,553,055.8	1,111,073.5	421212	64.6
03/02/2020 16:00	25,563,650.1	1,059,786.1	421212	64.7
03/02/2020 17:00	25,150,594.5	1,024,799.8	421296	64.6
03/02/2020 18:00	21,931,165.5	901,881.5	421212	64.6
03/02/2020 19:00	17,740,741.5	751,872.1	421212	64.6
03/02/2020 20:00	14,226,151.1	631,201.0	421212	64.6
03/02/2020 21:00	11,815,666.7	547,389.7	421212	64.6
03/02/2020 22:00	8,983,535.0	455,706.7	421212	64.7
03/02/2020 23:00	6,184,020.9	353,967.5	421212	64.6
03/03/2020 00:00	4,239,544.4	278,120.5	420926	65.1
03/03/2020 01:00	3,211,780.1	235,292.8	420900	65.0
03/03/2020 02:00	3,135,112.1	245,703.6	420900	64.9
03/03/2020 03:00	4,339,329.5	326,962.4	420900	64.9
03/03/2020 04:00	8,603,569.6	515,848.0	420900	64.8
03/03/2020 05:00	15,651,229.7	777,120.9	420900	64.8
03/03/2020 06:00	21,621,371.3	979,192.0	420900	64.8
03/03/2020 07:00	24,802,850.8	1,120,954.8	420900	64.9
03/03/2020 08:00	23,651,817.9	1,158,368.9	420900	65.1
03/03/2020 09:00	21,985,563.7	1,176,048.1	420984	65.1
03/03/2020 10:00	20,948,387.9	1,184,433.2	420696	65.1
03/03/2020 11:00	20,910,562.5	1,197,401.4	420696	65.1
03/03/2020 12:00	21,751,300.2	1,207,979.1	420900	64.8
03/03/2020 13:00	22,700,628.5	1,190,201.5	420900	64.9
03/03/2020 14:00	24,581,011.7	1,158,431.6	420900	64.9
03/03/2020 15:00	25,525,803.5	1,116,660.0	420900	64.9
03/03/2020 16:00	25,444,562.0	1,056,563.2	419034	64.9
03/03/2020 17:00	25,143,380.3	1,027,738.0	420900	64.9
03/03/2020 18:00	22,441,111.4	933,285.9	420900	64.3
03/03/2020 19:00	18,249,440.2	775,772.0	420900	64.9
03/03/2020 20:00	14,838,693.5	656,913.5	420900	64.9
03/03/2020 21:00	12,592,113.6	575,965.6	420900	64.8
03/03/2020 22:00	9,776,959.6	477,952.5	420984	64.8
03/03/2020 23:00	6,535,868.3	366,186.7	420900	64.8
03/04/2020 00:00	4,438,873.7	285,288.8	420900	65.0
03/04/2020 01:00	3,321,207.6	238,749.6	420984	64.9
03/04/2020 02:00	3,211,849.1	245,375.8	420696	64.8
03/04/2020 03:00	4,366,316.6	326,363.5	420900	64.9
03/04/2020 04:00	8,640,987.8	515,378.6	420900	64.8
03/04/2020 05:00	15,712,362.1	780,300.8	420900	64.8
03/04/2020 06:00	21,781,411.0	991,319.6	420984	64.8
03/04/2020 07:00	25,026,039.8	1,127,797.6	420984	65.0
03/04/2020 08:00	23,915,382.7	1,170,711.2	420900	65.0
03/04/2020 09:00	22,114,211.9	1,176,788.4	420900	64.9
03/04/2020 10:00	21,103,600.2	1,190,212.1	420900	65.0
03/04/2020 11:00	21,201,236.7	1,195,576.9	420900	65.0
03/04/2020 12:00	22,007,394.8	1,200,599.8	420900	64.9
03/04/2020 13:00	23,028,723.9	1,187,962.8	420900	65.0
03/04/2020 14:00	24,790,642.2	1,154,471.9	420900	65.0
03/04/2020 15:00	25,762,640.1	1,116,787.3	420900	65.0
03/04/2020 16:00	25,821,961.1	1,062,845.2	420900	65.0
03/04/2020 17:00	25,164,067.8	1,015,815.7	416566	65.1
03/04/2020 18:00	22,639,738.1	930,745.3	420696	65.0
03/04/2020 19:00	18,617,642.3	778,181.1	420900	64.9
03/04/2020 20:00	15,287,364.7	662,646.8	420900	64.7
03/04/2020 21:00	12,906,318.3	578,300.3	420900	64.6
03/04/2020 22:00	9,675,438.5	470,225.1	420900	64.1
03/04/2020 23:00	6,633,592.6	363,410.0	420900	63.8
03/05/2020 00:00	4,501,734.8	287,664.9	420900	67.0
03/05/2020 01:00	3,340,966.8	239,730.8	420900	65.3
03/05/2020 02:00	3,232,717.0	248,138.0	420900	66.5
03/05/2020 03:00	4,391,447.1	329,091.4	420900	66.8
03/05/2020 04:00	8,638,161.0	520,399.4	420900	66.7
03/05/2020 05:00	15,659,295.4	781,390.2	420900	66.8
03/05/2020 06:00	21,838,233.3	996,062.4	420900	66.7
03/05/2020 07:00	25,222,520.1	1,137,453.6	420900	66.9
03/05/2020 08:00	24,051,198.8	1,192,859.2	420900	67.0
03/05/2020 09:00	22,260,109.3	1,186,515.6	420900	67.0
03/05/2020 10:00	21,422,115.1	1,190,514.9	420900	67.0
03/05/2020 11:00	21,709,936.4	1,211,406.3	420984	66.9
03/05/2020 12:00	22,371,252.7	1,204,631.5	420900	66.9
03/05/2020 13:00	23,367,827.7	1,188,652.9	420900	66.9
03/05/2020 14:00	25,179,152.8	1,170,604.3	420900	65.6
03/05/2020 15:00	26,007,976.5	1,121,372.2	420984	66.9
03/05/2020 16:00	26,136,041.1	1,079,552.5	420900	66.9
03/05/2020 17:00	25,804,660.4	1,040,370.0	420900	67.0
03/05/2020 18:00	23,049,501.6	932,715.5	420900	66.9
03/05/2020 19:00	19,284,625.3	797,421.5	420780	66.8
03/05/2020 20:00	16,140,709.4	680,150.9	420900	66.2
03/05/2020 21:00	13,913,176.9	606,560.7	420900	66.8
03/05/2020 22:00	10,612,103.2	498,711.6	420900	66.5
03/05/2020 23:00	7,296,946.0	384,431.7	420900	66.1
03/06/2020 00:00	4,954,448.0	300,949.9	420900	65.5
03/06/2020 01:00	3,708,244.9	257,464.1	420900	66.1
03/06/2020 02:00	3,514,205.2	263,501.8	420984	66.0
03/06/2020 03:00	4,490,442.0	332,058.0	420900	66.0
03/06/2020 04:00	8,360,342.0	514,526.0	420900	65.9
03/06/2020 05:00	14,997,155.8	778,069.1	420900	66.2
03/06/2020 06:00	21,136,732.0	992,573.6	420900	65.7
03/06/2020 07:00	24,891,465.2	1,138,984.6	420900	66.7
03/06/2020 08:00	23,943,963.1	1,184,542.8	420900	66.8
03/06/2020 09:00	22,497,551.7	1,201,714.3	420900	66.8
03/06/2020 10:00	22,485,852.3	1,218,044.4	420900	66.8
03/06/2020 11:00	23,237,727.0	1,229,975.2	420900	66.8
03/06/2020 12:00	24,452,037.8	1,234,695.0	420900	66.7
03/06/2020 13:00	25,277,083.5	1,196,661.5	420900	66.7
03/06/2020 14:00	26,329,142.4	1,151,113.3	420900	66.7
03/06/2020 15:00	26,671,793.8	1,097,902.8	420900	66.7
03/06/2020 16:00	26,659,049.5	1,061,610.0	420900	66.7
03/06/2020 17:00	26,289,391.0	1,012,283.8	420900	66.8
03/06/2020 18:00	23,835,390.2	914,576.6	420696	66.8
03/06/2020 19:00	20,884,477.6	794,685.4	420984	66.7
03/06/2020 20:00	17,747,186.2	678,444.5	420900	66.7
03/06/2020 21:00	15,566,760.0	606,665.6	420900	66.8
03/06/2020 22:00	12,951,349.3	524,048.2	420900	66.7
03/06/2020 23:00	9,646,756.8	417,946.8	420900	66.8
03/07/2020 00:00	6,651,290.3	316,340.9	420900	67.1
03/07/2020 01:00	4,770,285.4	255,613.9	420900	67.0
03/07/2020 02:00	4,110,050.8	232,911.7	420900	67.0
03/07/2020 03:00	3,823,292.7	237,857.6	420900	67.0
03/07/2020 04:00	4,740,953.0	288,071.0	420900	66.9
03/07/2020 05:00	7,243,843.2	397,731.5	420900	66.9
03/07/2020 06:00	11,158,234.3	530,647.8	420900	66.8
03/07/2020 07:00	15,256,515.1	663,604.5	420900	66.9
03/07/2020 08:00	18,920,390.1	760,067.9	420900	67.0
03/07/2020 09:00	21,609,153.9	837,062.2	420900	67.1
03/07/2020 10:00	23,133,432.8	874,313.7	420900	67.2
03/07/2020 11:00	24,070,601.9	895,314.0	420900	67.1
03/07/2020 12:00	24,541,506.2	895,168.3	420900	67.0
03/07/2020 13:00	24,461,483.9	874,110.5	420900	67.2
03/07/2020 14:00	24,638,546.2	847,970.7	420984	67.1
03/07/2020 15:00	24,377,981.7	811,778.3	420900	67.1
03/07/2020 16:00	24,022,097.9	785,073.9	420900	67.1
03/07/2020 17:00	23,021,850.2	739,141.7	420900	67.1
03/07/2020 18:00	21,201,433.6	682,923.4	420900	67.0
03/07/2020 19:00	18,265,166.2	584,001.3	420900	67.0
03/07/2020 20:00	15,931,633.5	503,761.0	420900	67.0
03/07/2020 21:00	14,690,562.8	459,828.3	420900	67.0
03/07/2020 22:00	13,029,710.8	406,196.6	420900	67.0
03/07/2020 23:00	10,038,825.4	322,880.6	420900	67.0
03/08/2020 00:00	6,842,186.4	235,643.7	420900	66.9
03/08/2020 01:00	4,779,834.9	183,606.6	420900	66.9
03/08/2020 03:00	3,958,646.6	164,473.6	420900	66.8
03/08/2020 04:00	3,743,975.7	169,987.2	420900	66.7
03/08/2020 05:00	4,545,647.7	204,914.9	420900	66.7
03/08/2020 06:00	6,474,287.1	264,178.8	420900	66.6
03/08/2020 07:00	8,647,155.5	336,233.9	420900	66.6
03/08/2020 08:00	11,851,113.6	436,100.0	420900	66.7
03/08/2020 09:00	15,816,621.4	551,675.9	420900	66.8
03/08/2020 10:00	19,296,228.6	653,841.7	420900	66.8
03/08/2020 11:00	21,398,964.8	720,861.7	420900	66.6
03/08/2020 12:00	23,168,540.6	780,654.7	420900	66.6
03/08/2020 13:00	23,738,658.7	793,412.1	420900	66.8
03/08/2020 14:00	23,962,581.0	794,147.8	420900	66.7
03/08/2020 15:00	23,867,741.0	781,842.0	420900	66.7
03/08/2020 16:00	23,544,607.4	767,921.6	420900	66.7
03/08/2020 17:00	22,749,743.5	738,286.1	420900	66.7
03/08/2020 18:00	21,209,822.5	688,049.4	420900	66.7
03/08/2020 19:00	19,229,376.4	631,094.0	420900	66.7
03/08/2020 20:00	17,251,385.7	572,630.8	420984	66.7
03/08/2020 21:00	14,593,863.7	499,876.2	420900	66.8
03/08/2020 22:00	10,988,359.8	407,322.7	420900	66.8
03/08/2020 23:00	7,316,873.9	309,148.1	419321	66.7
03/09/2020 00:00	4,794,212.7	237,994.7	420900	66.3
03/09/2020 01:00	3,384,733.3	198,984.7	420900	66.3
03/09/2020 02:00	3,138,965.0	208,655.3	420696	66.3
03/09/2020 03:00	4,341,518.9	288,358.7	420984	66.3
03/09/2020 04:00	8,500,487.4	463,422.2	420900	66.1
03/09/2020 05:00	15,101,707.7	714,112.5	420900	66.2
03/09/2020 06:00	20,465,296.3	905,401.2	420900	66.1
03/09/2020 07:00	24,321,254.5	1,059,770.7	420984	66.1
03/09/2020 08:00	23,523,333.0	1,131,778.5	420900	66.3
03/09/2020 09:00	21,254,321.1	1,124,595.2	420900	66.3
03/09/2020 10:00	20,565,119.5	1,149,833.9	420696	66.3
03/09/2020 11:00	20,979,427.5	1,179,338.6	420900	66.3
03/09/2020 12:00	21,818,366.2	1,191,826.2	420900	66.3
03/09/2020 13:00	22,689,553.7	1,179,680.2	420900	66.3
03/09/2020 14:00	24,492,314.0	1,165,572.5	420696	66.2
03/09/2020 15:00	25,720,183.0	1,130,167.0	420984	66.2
03/09/2020 16:00	25,899,199.4	1,078,709.7	420900	66.2
03/09/2020 17:00	25,612,982.3	1,036,985.0	420900	66.2
03/09/2020 18:00	21,965,391.9	889,393.2	420900	66.2
03/09/2020 19:00	17,589,206.1	751,376.3	420696	66.2
03/09/2020 20:00	14,352,653.4	641,726.0	420900	66.2
03/09/2020 21:00	12,080,204.1	566,910.9	420900	66.2
03/09/2020 22:00	9,242,530.5	470,592.6	420900	66.2
03/09/2020 23:00	6,440,588.4	368,605.6	420900	66.2
03/10/2020 00:00	4,437,710.6	284,894.2	420900	66.6
03/10/2020 01:00	3,320,366.2	237,321.7	420984	66.6
03/10/2020 02:00	3,146,011.3	241,641.3	420900	66.6
03/10/2020 03:00	4,209,708.1	311,280.2	420900	66.6
03/10/2020 04:00	8,012,363.3	474,829.8	418669	66.4
03/10/2020 05:00	14,468,815.8	719,989.6	420900	66.4
03/10/2020 06:00	20,023,832.1	908,167.3	420900	66.4
03/10/2020 07:00	20,376,081.0	874,930.1	420900	66.4
03/10/2020 08:00	22,742,639.7	1,086,037.9	420900	66.5
03/10/2020 09:00	20,837,166.8	1,111,138.3	420900	66.6
03/10/2020 10:00	19,821,956.8	1,114,886.1	420900	66.5
03/10/2020 11:00	19,941,715.6	1,126,381.3	420900	66.5
03/10/2020 12:00	20,728,875.1	1,131,026.4	420900	66.5
03/10/2020 13:00	21,599,716.2	1,118,419.6	420900	66.5
03/10/2020 14:00	23,514,522.9	1,113,420.0	420900	66.6
03/10/2020 15:00	24,722,003.4	1,089,058.4	420900	66.6
03/10/2020 16:00	25,033,666.8	1,046,608.1	420900	66.6
03/10/2020 17:00	24,725,197.9	1,006,067.2	420900	66.6
03/10/2020 18:00	21,288,014.9	872,261.6	420900	66.6
03/10/2020 19:00	17,026,227.3	732,326.8	420900	66.5
03/10/2020 20:00	14,052,678.8	627,148.3	420900	66.4
03/10/2020 21:00	11,924,665.0	552,874.4	420900	66.3
03/10/2020 22:00	9,379,374.8	465,628.4	420900	66.3
03/10/2020 23:00	6,438,702.2	358,774.5	420840	66.3
03/11/2020 00:00	4,494,695.1	282,468.5	420900	67.1
03/11/2020 01:00	3,330,294.9	235,552.2	420900	67.1
03/11/2020 02:00	3,165,172.4	241,263.1	420900	67.1
03/11/2020 03:00	4,248,129.1	312,781.1	420900	67.0
03/11/2020 04:00	8,263,497.3	481,076.4	420899	66.9
03/11/2020 05:00	14,879,284.5	726,829.6	420984	66.9
03/11/2020 06:00	20,432,271.5	912,110.3	420900	66.8
03/11/2020 07:00	24,381,209.4	1,053,384.5	420900	66.9
03/11/2020 08:00	23,511,176.5	1,121,347.0	420900	67.3
03/11/2020 09:00	21,400,156.9	1,129,278.2	420900	67.4
03/11/2020 10:00	20,539,957.1	1,150,455.6	420984	67.3
03/11/2020 11:00	20,727,626.2	1,151,223.0	420900	67.2
03/11/2020 12:00	21,573,444.2	1,155,410.9	420984	67.0
03/11/2020 13:00	22,531,943.7	1,142,429.3	420900	66.9
03/11/2020 14:00	24,340,642.8	1,123,400.1	420900	67.0
03/11/2020 15:00	25,357,536.0	1,088,635.3	420900	67.0
03/11/2020 16:00	25,585,058.8	1,045,152.1	420900	67.2
03/11/2020 17:00	25,495,551.4	1,013,519.1	420900	67.2
03/11/2020 18:00	22,064,579.6	879,809.4	420900	67.3
03/11/2020 19:00	18,197,228.8	760,730.0	420900	67.2
03/11/2020 20:00	15,289,749.8	668,492.6	420900	67.2
03/11/2020 21:00	12,941,191.3	590,236.4	420900	67.2
03/11/2020 22:00	9,801,154.5	484,316.5	420696	67.2
03/11/2020 23:00	6,795,860.0	379,709.8	420900	67.2
03/12/2020 00:00	4,714,088.9	301,135.7	420900	67.3
03/12/2020 01:00	3,493,380.6	254,094.2	420900	67.3
03/12/2020 02:00	3,299,907.8	254,795.8	420900	67.3
03/12/2020 03:00	4,375,542.2	328,417.8	420900	67.2
03/12/2020 04:00	8,398,773.7	506,200.4	420900	67.1
03/12/2020 05:00	14,974,849.7	753,832.3	420900	67.1
03/12/2020 06:00	20,656,802.7	946,895.1	420900	67.0
03/12/2020 07:00	24,421,470.1	1,090,787.8	420900	67.1
03/12/2020 08:00	23,404,082.2	1,144,481.2	420900	67.2
03/12/2020 09:00	21,104,848.1	1,139,546.2	420900	67.3
03/12/2020 10:00	20,369,329.1	1,145,809.0	420900	67.2
03/12/2020 11:00	20,506,361.8	1,148,322.7	420900	67.1
03/12/2020 12:00	21,019,129.2	1,130,829.4	420900	66.9
03/12/2020 13:00	21,677,913.6	1,098,778.0	420900	66.9
03/12/2020 14:00	23,011,548.5	1,072,573.6	420900	67.0
03/12/2020 15:00	23,964,450.5	1,044,202.9	420900	67.0
03/12/2020 16:00	24,188,979.9	1,006,675.6	420900	67.1
03/12/2020 17:00	24,266,480.0	982,575.0	420900	67.1
03/12/2020 18:00	21,141,560.8	864,727.6	420900	67.0
03/12/2020 19:00	17,614,577.4	745,167.7	420900	66.9
03/12/2020 20:00	14,679,572.9	650,577.2	420900	66.9
03/12/2020 21:00	12,372,206.1	575,786.6	420900	66.9
03/12/2020 22:00	9,565,768.9	478,315.6	420900	66.8
03/12/2020 23:00	6,764,867.1	377,903.9	420900	66.8
03/13/2020 00:00	4,715,229.3	295,189.7	420966	66.8
03/13/2020 01:00	3,555,512.3	249,053.0	420972	66.7
03/13/2020 02:00	3,350,936.4	250,599.6	420972	66.7
03/13/2020 03:00	4,223,233.8	311,385.0	420972	66.7
03/13/2020 04:00	7,683,086.1	468,710.6	420942	66.5
03/13/2020 05:00	13,366,159.8	693,270.8	420972	66.6
03/13/2020 06:00	18,751,474.7	891,172.0	420972	66.6
03/13/2020 07:00	22,634,333.0	1,033,037.3	420972	66.6
03/13/2020 08:00	21,813,420.8	1,075,497.4	420972	66.8
03/13/2020 09:00	20,602,209.8	1,105,793.2	420972	66.9
03/13/2020 10:00	20,731,231.7	1,133,847.7	420972	66.9
03/13/2020 11:00	21,637,888.8	1,154,670.2	420972	66.9
03/13/2020 12:00	22,738,619.2	1,156,788.2	420972	66.9
03/13/2020 13:00	23,385,024.0	1,125,545.8	415237	66.9
03/13/2020 14:00	24,803,436.1	1,100,722.7	420972	66.8
03/13/2020 15:00	25,167,344.2	1,067,110.4	420972	66.9
03/13/2020 16:00	25,111,203.5	1,015,353.1	421056	66.9
03/13/2020 17:00	24,656,584.2	961,024.6	420972	66.8
03/13/2020 18:00	21,769,946.3	850,313.7	421056	66.7
03/13/2020 19:00	18,412,460.1	723,658.4	420972	66.5
03/13/2020 20:00	15,685,652.3	631,600.6	420972	66.5
03/13/2020 21:00	13,523,023.2	561,352.1	420972	66.6
03/13/2020 22:00	11,154,056.5	483,163.1	420972	66.6
03/13/2020 23:00	8,305,894.6	387,774.3	420972	66.6
03/14/2020 00:00	5,872,479.5	302,264.1	420768	66.8
03/14/2020 01:00	4,285,844.7	242,998.3	420972	66.8
03/14/2020 02:00	3,636,114.4	217,930.4	420972	66.8
03/14/2020 03:00	3,434,037.2	223,008.3	420972	66.8
03/14/2020 04:00	4,264,291.6	268,280.4	420972	66.6
03/14/2020 05:00	6,046,533.8	344,233.8	415573	66.7
03/14/2020 06:00	8,748,809.2	442,134.2	420972	66.6
03/14/2020 07:00	11,727,743.7	544,183.9	420972	66.5
03/14/2020 08:00	14,804,003.1	646,482.0	420972	66.6
03/14/2020 09:00	17,412,209.6	724,548.9	420972	66.7
03/14/2020 10:00	19,221,635.4	775,470.5	420972	66.7
03/14/2020 11:00	20,646,731.6	806,340.2	420972	66.7
03/14/2020 12:00	21,319,939.0	810,105.2	420972	66.7
03/14/2020 13:00	21,396,754.0	795,090.3	420972	66.7
03/14/2020 14:00	21,261,080.4	765,447.5	420972	66.8
03/14/2020 15:00	20,758,903.2	726,853.9	420972	66.8
03/14/2020 16:00	19,932,345.6	687,742.7	420972	66.7
03/14/2020 17:00	18,833,674.2	642,327.6	420972	66.7
03/14/2020 18:00	17,016,037.8	580,666.0	420972	66.6
03/14/2020 19:00	14,955,512.0	508,678.4	420972	66.6
03/14/2020 20:00	13,355,100.7	452,421.1	420972	66.7
03/14/2020 21:00	12,217,715.6	408,825.4	420972	66.7
03/14/2020 22:00	10,682,242.6	360,113.6	420972	66.6
03/14/2020 23:00	8,165,101.5	284,081.3	420972	66.7
03/15/2020 00:00	5,754,290.9	215,058.3	420972	66.4
03/15/2020 01:00	4,074,542.7	165,774.0	420972	66.3
03/15/2020 02:00	3,294,181.2	143,581.6	420972	66.2
03/15/2020 03:00	2,756,912.9	131,255.9	420972	66.2
03/15/2020 04:00	2,931,759.7	143,771.5	420972	66.2
03/15/2020 05:00	3,905,916.3	181,751.5	420972	66.1
03/15/2020 06:00	5,428,671.8	234,769.0	420972	66.1
03/15/2020 07:00	7,075,125.9	297,869.5	420972	66.1
03/15/2020 08:00	9,478,596.5	381,379.7	420972	66.4
03/15/2020 09:00	12,832,635.5	481,924.4	420972	66.3
03/15/2020 10:00	15,727,619.3	573,290.7	420972	66.2
03/15/2020 11:00	17,779,535.3	636,925.8	420972	66.2
03/15/2020 12:00	19,158,114.0	677,050.9	420972	66.3
03/15/2020 13:00	19,793,848.4	686,975.5	420972	66.4
03/15/2020 14:00	19,733,654.6	676,230.5	420912	66.4
03/15/2020 15:00	19,270,532.3	662,392.4	420972	66.4
03/15/2020 16:00	18,509,857.1	636,518.5	420972	66.4
03/15/2020 17:00	17,505,531.4	608,184.8	420972	66.4
03/15/2020 18:00	16,192,270.4	564,796.4	420972	66.4
03/15/2020 19:00	14,762,813.2	516,850.9	420972	66.4
03/15/2020 20:00	13,327,206.1	473,790.5	420972	66.4
03/15/2020 21:00	11,359,880.4	419,247.5	420972	66.4
03/15/2020 22:00	8,856,364.1	349,802.6	420972	66.3
03/15/2020 23:00	6,104,827.1	270,964.3	420972	66.3
03/16/2020 00:00	4,161,793.5	211,552.5	420972	65.7
03/16/2020 01:00	3,078,160.9	181,136.7	420972	65.6
03/16/2020 02:00	2,911,156.8	189,930.5	420972	65.6
03/16/2020 03:00	3,988,391.9	261,447.5	420972	65.4
03/16/2020 04:00	7,785,257.7	420,310.1	420972	65.3
03/16/2020 05:00	13,564,975.4	641,745.5	420972	65.3
03/16/2020 06:00	18,195,138.0	822,716.8	420972	65.2
03/16/2020 07:00	21,076,436.8	946,318.6	420972	65.2
03/16/2020 08:00	19,778,513.1	984,875.6	420972	65.5
03/16/2020 09:00	18,259,512.4	1,004,768.1	420972	65.7
03/16/2020 10:00	18,186,938.5	1,030,616.8	420972	65.8
03/16/2020 11:00	18,734,047.0	1,059,500.1	420972	65.7
03/16/2020 12:00	19,666,707.7	1,069,770.4	420972	65.7
03/16/2020 13:00	20,529,047.3	1,065,292.4	420768	65.8
03/16/2020 14:00	22,153,310.3	1,062,021.0	420768	65.8
03/16/2020 15:00	23,159,616.7	1,020,851.4	420972	65.7
03/16/2020 16:00	23,269,126.1	971,933.4	420972	65.7
03/16/2020 17:00	22,522,761.3	902,026.1	421056	65.7
03/16/2020 18:00	18,318,462.5	756,746.4	420972	65.7
03/16/2020 19:00	14,439,662.3	629,076.4	420972	65.7
03/16/2020 20:00	11,792,022.7	551,838.5	420972	65.7
03/16/2020 21:00	9,728,243.4	489,671.3	421056	65.6
03/16/2020 22:00	7,731,044.8	417,639.4	420972	65.7
03/16/2020 23:00	5,642,150.4	336,154.2	420972	65.4
03/17/2020 00:00	3,967,217.4	270,197.6	420972	66.6
03/17/2020 01:00	3,022,042.5	227,926.1	420972	66.6
03/17/2020 02:00	2,901,792.3	230,190.8	420972	66.5
03/17/2020 03:00	3,822,705.9	292,700.8	420972	66.4
03/17/2020 04:00	7,079,395.9	440,254.1	420972	66.2
03/17/2020 05:00	12,595,734.2	661,259.4	420972	66.1
03/17/2020 06:00	17,126,607.2	840,512.8	420972	66.0
03/17/2020 07:00	19,469,069.6	955,131.3	420972	66.2
03/17/2020 08:00	18,070,699.3	972,571.5	420768	66.6
03/17/2020 09:00	16,871,590.7	998,178.6	420972	66.8
03/17/2020 10:00	16,934,729.3	1,018,466.9	420972	66.7
03/17/2020 11:00	17,499,150.7	1,043,253.8	420972	66.6
03/17/2020 12:00	18,308,413.6	1,052,638.0	420972	66.7
03/17/2020 13:00	19,130,887.5	1,044,402.4	420972	66.6
03/17/2020 14:00	20,524,945.4	1,032,253.0	420972	66.7
03/17/2020 15:00	21,686,413.7	1,009,483.2	420972	66.6
03/17/2020 16:00	21,821,202.4	958,585.0	420972	66.7
03/17/2020 17:00	21,174,733.5	894,646.9	420972	66.7
03/17/2020 18:00	16,828,394.1	753,398.0	420972	66.7
03/17/2020 19:00	13,369,967.3	626,634.1	420972	66.7
03/17/2020 20:00	10,841,030.3	541,366.4	420972	66.7
03/17/2020 21:00	8,869,820.9	470,007.7	420972	66.7
03/17/2020 22:00	7,154,151.2	406,163.2	420972	66.8
03/17/2020 23:00	5,271,992.9	328,819.3	420972	66.7
03/18/2020 00:00	3,777,025.3	262,752.1	420972	67.0
03/18/2020 01:00	2,907,466.1	222,561.8	420972	67.0
03/18/2020 02:00	2,821,253.6	225,433.5	420972	67.0
03/18/2020 03:00	3,732,613.2	288,546.0	420972	66.9
03/18/2020 04:00	7,000,531.0	438,773.8	421056	66.8
03/18/2020 05:00	12,383,779.4	661,084.6	420972	66.8
03/18/2020 06:00	16,750,416.9	850,731.5	420972	66.7
03/18/2020 07:00	18,759,570.3	954,429.0	420972	66.7
03/18/2020 08:00	17,470,804.4	974,428.4	421056	66.7
03/18/2020 09:00	16,099,127.7	970,093.4	420110	66.8
03/18/2020 10:00	16,868,005.0	1,026,699.1	420972	61.6
03/18/2020 11:00	16,732,897.4	1,023,395.3	420972	66.8
03/18/2020 12:00	17,592,063.7	1,025,446.3	420912	66.9
03/18/2020 13:00	18,430,322.8	1,019,253.2	420972	66.9
03/18/2020 14:00	19,909,282.6	1,029,601.7	420972	66.9
03/18/2020 15:00	20,980,753.5	995,279.1	420972	66.9
03/18/2020 16:00	21,117,535.8	947,462.6	421056	66.9
03/18/2020 17:00	20,549,004.3	883,167.0	420972	65.8
03/18/2020 18:00	16,302,196.7	736,680.1	420972	65.7
03/18/2020 19:00	12,791,151.8	603,686.4	419877	65.6
03/18/2020 20:00	10,474,634.0	529,440.6	420972	65.5
03/18/2020 21:00	8,633,374.5	461,774.8	420972	65.5
03/18/2020 22:00	6,879,843.0	395,117.5	420972	65.5
03/18/2020 23:00	5,094,701.1	319,526.0	420972	65.4
03/19/2020 00:00	3,678,087.1	254,636.6	421247	64.9
03/19/2020 01:00	2,878,470.1	217,520.8	421272	64.9
03/19/2020 02:00	2,795,701.4	221,801.7	421272	64.9
03/19/2020 03:00	3,703,545.4	282,111.3	421272	64.8
03/19/2020 04:00	6,887,134.1	433,472.7	421356	64.6
03/19/2020 05:00	12,085,411.0	659,792.2	421272	64.7
03/19/2020 06:00	16,300,643.3	836,669.4	421272	64.6
03/19/2020 07:00	18,262,047.5	941,379.1	421272	64.7
03/19/2020 08:00	17,042,064.6	960,534.5	421272	64.9
03/19/2020 09:00	15,945,486.1	973,996.3	421272	65.1
03/19/2020 10:00	16,045,280.0	995,636.1	421272	65.1
03/19/2020 11:00	16,740,855.5	1,019,907.1	421356	65.0
03/19/2020 12:00	17,647,602.8	1,024,596.7	421272	65.0
03/19/2020 13:00	18,443,637.5	1,003,667.8	421356	65.0
03/19/2020 14:00	19,757,075.3	1,000,322.3	421272	65.1
03/19/2020 15:00	20,782,722.4	968,616.7	421272	65.1
03/19/2020 16:00	20,890,701.3	926,808.0	421272	65.0
03/19/2020 17:00	20,109,241.5	867,694.2	421272	65.0
03/19/2020 18:00	16,049,943.7	725,686.4	421272	65.0
03/19/2020 19:00	13,024,333.0	611,515.3	421272	65.1
03/19/2020 20:00	11,018,908.5	532,590.1	421272	65.1
03/19/2020 21:00	9,203,026.6	474,293.4	421356	65.1
03/19/2020 22:00	7,318,974.8	400,796.8	421272	65.0
03/19/2020 23:00	5,439,939.4	327,750.2	421272	65.0
03/20/2020 00:00	3,786,017.8	259,323.0	421272	65.5
03/20/2020 01:00	2,918,498.2	219,562.9	421272	65.5
03/20/2020 02:00	2,795,441.4	216,531.0	421272	65.4
03/20/2020 03:00	3,601,630.3	278,242.1	421356	65.4
03/20/2020 04:00	6,320,793.0	414,562.9	421272	65.2
03/20/2020 05:00	11,128,667.9	636,205.0	421356	65.0
03/20/2020 06:00	15,235,882.2	820,550.4	421272	64.7
03/20/2020 07:00	17,318,587.6	928,371.7	421272	64.8
03/20/2020 08:00	16,478,949.0	952,797.4	421272	65.1
03/20/2020 09:00	15,824,368.4	977,912.9	421272	65.2
03/20/2020 10:00	16,420,585.6	1,013,337.6	421272	65.2
03/20/2020 11:00	17,576,131.5	1,044,271.7	421272	62.5
03/20/2020 12:00	18,703,095.5	1,051,492.9	421272	61.1
03/20/2020 13:00	19,469,846.6	1,037,210.5	421272	61.1
03/20/2020 14:00	20,435,907.5	1,017,282.2	421272	61.0
03/20/2020 15:00	20,852,602.9	979,180.8	421068	61.0
03/20/2020 16:00	20,493,343.9	919,440.3	421068	61.0
03/20/2020 17:00	19,467,525.8	846,359.4	421272	61.1
03/20/2020 18:00	16,207,139.7	716,852.9	421272	61.2
03/20/2020 19:00	13,326,655.5	593,347.7	421272	61.1
03/20/2020 20:00	11,026,041.0	505,203.0	421272	61.0
03/20/2020 21:00	9,164,166.8	436,124.7	421272	61.1
03/20/2020 22:00	7,585,531.1	379,019.7	421272	61.1
03/20/2020 23:00	5,772,433.6	306,867.7	421272	61.1
03/21/2020 00:00	4,076,040.9	234,521.9	421327	61.1
03/21/2020 01:00	3,047,791.5	190,444.6	421416	61.1
03/21/2020 02:00	2,648,409.3	172,435.0	421332	61.0
03/21/2020 03:00	2,730,802.8	188,660.0	421332	61.0
03/21/2020 04:00	3,523,354.6	234,558.3	421416	60.9
03/21/2020 05:00	5,209,512.4	316,510.3	421332	60.7
03/21/2020 06:00	7,534,348.3	413,543.2	421332	60.7
03/21/2020 07:00	9,528,014.7	499,912.9	421332	60.7
03/21/2020 08:00	11,157,140.9	561,335.8	421332	61.0
03/21/2020 09:00	12,794,543.0	617,913.6	421332	61.1
03/21/2020 10:00	14,375,102.2	658,289.4	421332	61.0
03/21/2020 11:00	15,636,206.7	690,548.8	421332	60.9
03/21/2020 12:00	16,511,232.5	699,266.1	421332	60.9
03/21/2020 13:00	16,838,800.5	690,785.3	421416	60.9
03/21/2020 14:00	16,834,277.1	666,140.7	421332	60.9
03/21/2020 15:00	16,308,052.8	633,093.0	421332	60.9
03/21/2020 16:00	15,509,581.8	594,518.3	421332	60.9
03/21/2020 17:00	14,394,975.5	547,567.9	421332	60.9
03/21/2020 18:00	12,944,709.8	492,336.5	421332	60.9
03/21/2020 19:00	11,187,473.1	421,909.4	421332	60.9
03/21/2020 20:00	9,623,346.1	367,416.7	421332	60.9
03/21/2020 21:00	8,377,412.3	320,099.4	421332	60.8
03/21/2020 22:00	7,275,772.0	280,435.8	421416	60.8
03/21/2020 23:00	5,537,270.8	224,182.9	421332	60.8
03/22/2020 00:00	3,897,485.7	168,339.5	421332	60.4
03/22/2020 01:00	2,776,877.5	128,981.9	421332	60.4
03/22/2020 02:00	2,287,475.7	111,242.4	421332	60.4
03/22/2020 03:00	2,111,103.4	108,616.0	421332	60.4
03/22/2020 04:00	2,392,245.8	126,701.6	421332	60.3
03/22/2020 05:00	3,311,194.5	168,271.7	421332	60.3
03/22/2020 06:00	4,634,838.1	217,764.4	421332	60.1
03/22/2020 07:00	5,751,865.9	268,129.3	421332	60.2
03/22/2020 08:00	7,229,847.0	330,359.8	421332	60.4
03/22/2020 09:00	9,332,398.5	402,502.3	421332	60.5
03/22/2020 10:00	11,343,161.1	464,145.1	421332	60.5
03/22/2020 11:00	12,914,204.3	516,734.0	421332	60.4
03/22/2020 12:00	14,045,415.2	549,938.8	421332	60.5
03/22/2020 13:00	14,643,676.8	561,426.5	421332	60.4
03/22/2020 14:00	14,773,471.8	563,431.2	421332	60.4
03/22/2020 15:00	14,271,210.9	546,227.2	421332	60.4
03/22/2020 16:00	13,544,861.0	521,988.6	421332	60.4
03/22/2020 17:00	12,633,395.8	488,430.3	421332	60.4
03/22/2020 18:00	11,498,620.4	450,856.1	421332	60.4
03/22/2020 19:00	10,258,757.4	406,023.1	421332	60.3
03/22/2020 20:00	9,301,554.4	368,793.5	421332	59.8
03/22/2020 21:00	7,795,487.3	320,810.3	421332	60.4
03/22/2020 22:00	6,124,520.8	262,546.1	421332	60.3
03/22/2020 23:00	4,361,308.2	206,479.4	421332	60.3
03/23/2020 00:00	3,047,724.3	161,638.1	421332	58.9
03/23/2020 01:00	2,370,069.9	142,897.4	421332	58.9
03/23/2020 02:00	2,333,576.7	155,763.9	419245	58.9
03/23/2020 03:00	3,270,252.3	218,832.9	421332	58.8
03/23/2020 04:00	6,274,688.7	356,586.7	421332	58.7
03/23/2020 05:00	11,183,129.7	565,536.9	421332	58.7
03/23/2020 06:00	14,852,422.7	727,423.2	418476	58.6
03/23/2020 07:00	16,694,128.4	837,285.8	421332	58.7
03/23/2020 08:00	15,389,199.7	859,187.1	421332	58.9
03/23/2020 09:00	14,209,713.4	871,804.4	421332	59.0
03/23/2020 10:00	14,327,679.0	896,640.2	421332	58.9
03/23/2020 11:00	14,936,635.7	923,647.6	421332	59.0
03/23/2020 12:00	15,711,472.8	934,166.7	421128	59.0
03/23/2020 13:00	16,507,087.4	925,915.8	421332	59.0
03/23/2020 14:00	17,898,872.1	928,955.5	421332	59.0
03/23/2020 15:00	18,919,801.2	906,331.4	421332	59.0
03/23/2020 16:00	18,867,039.5	863,256.1	421332	59.0
03/23/2020 17:00	17,801,774.7	795,871.1	421332	59.0
03/23/2020 18:00	13,850,382.6	649,160.7	421416	59.0
03/23/2020 19:00	10,813,628.1	532,251.5	421332	58.9
03/23/2020 20:00	8,805,823.7	461,281.9	421332	58.9
03/23/2020 21:00	7,352,653.0	404,359.0	421332	58.2
03/23/2020 22:00	5,948,931.7	346,717.2	421332	58.3
03/23/2020 23:00	4,464,748.6	282,144.7	421128	58.1
03/24/2020 00:00	3,165,651.3	221,060.9	421332	64.8
03/24/2020 01:00	2,555,380.1	190,308.6	421416	64.8
03/24/2020 02:00	2,561,131.8	199,113.3	421416	64.8
03/24/2020 03:00	3,395,112.4	260,065.2	421128	64.7
03/24/2020 04:00	6,244,591.4	396,527.8	421332	64.6
03/24/2020 05:00	11,224,959.7	614,804.8	421416	64.5
03/24/2020 06:00	14,875,996.3	781,048.4	421332	64.5
03/24/2020 07:00	16,403,104.3	879,680.9	421332	64.5
03/24/2020 08:00	14,922,772.2	881,617.2	421332	64.7
03/24/2020 09:00	13,771,071.0	887,790.5	421332	64.7
03/24/2020 10:00	13,768,876.7	907,211.1	421332	64.6
03/24/2020 11:00	14,241,136.9	927,784.9	421128	64.6
03/24/2020 12:00	15,130,085.3	934,027.9	421332	64.5
03/24/2020 13:00	15,916,474.6	926,565.6	421416	64.6
03/24/2020 14:00	17,344,803.0	928,486.5	421332	64.6
03/24/2020 15:00	18,439,253.2	904,234.2	421332	64.6
03/24/2020 16:00	18,305,728.3	848,209.2	421416	64.7
03/24/2020 17:00	17,067,274.8	771,984.1	421332	64.8
03/24/2020 18:00	13,172,364.6	630,533.0	421332	64.8
03/24/2020 19:00	10,361,020.8	516,341.7	421332	64.7
03/24/2020 20:00	8,481,497.8	448,150.7	421332	64.7
03/24/2020 21:00	7,048,995.7	394,740.2	421332	64.7
03/24/2020 22:00	5,786,562.3	340,778.2	421128	64.6
03/24/2020 23:00	4,390,923.8	274,970.5	421128	64.7
03/25/2020 00:00	3,168,764.1	217,481.9	421332	63.9
03/25/2020 01:00	2,545,108.8	187,124.2	421332	60.1
03/25/2020 02:00	2,527,748.8	193,706.9	421332	55.3
03/25/2020 03:00	3,408,747.0	256,688.4	421416	55.3
03/25/2020 04:00	6,443,597.7	400,931.8	421332	55.2
03/25/2020 05:00	11,808,154.6	627,799.4	421332	55.2
03/25/2020 06:00	15,889,123.5	805,409.2	421128	55.0
03/25/2020 07:00	17,568,705.7	906,715.8	421332	55.1
03/25/2020 08:00	15,568,412.7	899,934.7	421332	60.1
03/25/2020 09:00	13,965,036.5	898,351.6	421332	63.5
03/25/2020 10:00	13,962,709.6	914,475.1	421332	63.7
03/25/2020 11:00	15,675,323.5	987,025.1	421128	53.4
03/25/2020 12:00	16,464,495.1	991,110.5	421332	54.7
03/25/2020 13:00	16,310,451.1	939,602.9	421332	63.8
03/25/2020 14:00	17,896,350.1	941,451.1	421416	63.8
03/25/2020 15:00	19,117,500.3	916,368.6	421332	63.8
03/25/2020 16:00	19,134,572.3	869,029.0	421332	63.8
03/25/2020 17:00	17,806,292.2	786,618.1	421332	63.9
03/25/2020 18:00	13,771,493.7	637,535.0	421332	63.8
03/25/2020 19:00	10,790,743.4	522,317.4	421332	63.8
03/25/2020 20:00	8,839,354.0	450,931.0	421332	63.7
03/25/2020 21:00	7,337,177.2	397,398.0	421332	63.7
03/25/2020 22:00	5,931,177.8	343,802.4	421332	63.7
03/25/2020 23:00	4,464,917.4	276,548.3	421332	63.7
03/26/2020 00:00	3,217,815.9	219,307.4	421651	63.6
03/26/2020 01:00	2,569,639.2	188,244.6	421764	63.5
03/26/2020 02:00	2,538,778.2	195,354.4	421680	63.5
03/26/2020 03:00	3,395,835.3	256,602.0	421764	63.4
03/26/2020 04:00	6,289,482.5	396,010.3	421680	63.3
03/26/2020 05:00	11,412,217.2	624,455.6	421680	63.3
03/26/2020 06:00	15,331,414.5	805,805.1	421680	63.2
03/26/2020 07:00	16,893,734.1	905,577.2	421680	62.7
03/26/2020 08:00	15,317,704.7	902,323.2	421680	63.5
03/26/2020 09:00	14,125,607.4	904,115.4	421680	63.5
03/26/2020 10:00	14,177,167.1	929,936.4	421680	63.6
03/26/2020 11:00	14,760,328.5	942,063.3	421476	63.6
03/26/2020 12:00	15,692,879.9	952,985.9	421680	63.7
03/26/2020 13:00	16,591,653.0	942,570.2	421680	63.7
03/26/2020 14:00	18,090,055.3	946,708.5	421680	63.7
03/26/2020 15:00	19,261,351.7	923,699.7	421680	63.7
03/26/2020 16:00	19,170,278.0	874,612.1	421680	63.6
03/26/2020 17:00	17,970,178.5	804,819.8	421764	63.7
03/26/2020 18:00	14,012,598.7	658,551.0	421680	63.8
03/26/2020 19:00	11,084,306.4	538,702.9	421680	63.7
03/26/2020 20:00	9,170,194.3	468,221.6	421764	63.7
03/26/2020 21:00	7,572,256.5	407,024.0	421680	63.7
03/26/2020 22:00	6,114,107.6	350,648.8	421680	63.6
03/26/2020 23:00	4,574,036.8	279,526.7	421680	63.6
03/27/2020 00:00	3,263,853.7	219,305.7	421476	66.0
03/27/2020 01:00	2,608,999.5	188,372.2	421677	66.1
03/27/2020 02:00	2,568,381.6	194,288.2	421680	66.0
03/27/2020 03:00	3,327,390.4	251,886.9	421680	65.8
03/27/2020 04:00	5,970,423.1	390,612.5	421680	65.7
03/27/2020 05:00	10,687,943.7	613,720.9	421680	65.7
03/27/2020 06:00	14,519,887.3	801,408.1	421476	65.6
03/27/2020 07:00	16,082,620.3	908,899.2	421764	65.8
03/27/2020 08:00	14,896,230.3	909,797.3	421476	66.0
03/27/2020 09:00	14,275,219.9	924,550.6	421680	66.1
03/27/2020 10:00	14,766,550.5	950,808.8	421680	66.0
03/27/2020 11:00	15,769,712.6	984,227.8	421476	66.0
03/27/2020 12:00	16,953,337.1	996,989.4	421680	66.1
03/27/2020 13:00	17,861,797.6	980,757.1	421680	66.0
03/27/2020 14:00	19,121,448.2	973,932.7	421680	65.9
03/27/2020 15:00	19,923,767.2	938,234.8	421680	65.7
03/27/2020 16:00	19,472,531.3	878,597.5	421680	65.7
03/27/2020 17:00	18,205,870.8	798,415.1	421680	65.8
03/27/2020 18:00	14,856,013.3	665,282.4	421680	65.8
03/27/2020 19:00	12,120,515.1	549,966.5	421764	65.7
03/27/2020 20:00	9,959,047.4	463,876.8	421680	65.7
03/27/2020 21:00	8,258,231.2	401,698.7	421764	65.7
03/27/2020 22:00	6,776,422.1	343,107.2	420436	65.6
03/27/2020 23:00	5,197,664.3	276,393.8	421680	65.5
03/28/2020 00:00	3,652,796.6	211,645.1	421476	66.0
03/28/2020 01:00	2,755,460.2	166,748.2	421680	66.1
03/28/2020 02:00	2,439,352.4	154,126.9	421680	66.0
03/28/2020 03:00	2,522,281.3	167,254.4	421680	66.0
03/28/2020 04:00	3,229,153.7	209,298.4	421680	65.9
03/28/2020 05:00	4,775,493.7	283,999.9	421680	65.9
03/28/2020 06:00	6,857,169.9	376,803.9	421680	65.8
03/28/2020 07:00	8,557,390.6	448,609.4	421680	65.9
03/28/2020 08:00	9,906,940.4	503,931.5	421680	66.2
03/28/2020 09:00	11,286,419.7	551,177.4	421476	66.1
03/28/2020 10:00	12,759,940.7	591,473.7	421680	66.2
03/28/2020 11:00	14,023,361.4	618,141.9	421680	66.2
03/28/2020 12:00	14,906,183.5	630,120.7	421680	66.2
03/28/2020 13:00	15,275,821.6	625,945.5	421764	66.2
03/28/2020 14:00	15,270,791.3	601,684.0	421476	66.2
03/28/2020 15:00	14,879,157.2	575,352.6	421560	66.2
03/28/2020 16:00	14,244,694.8	542,683.3	421560	65.0
03/28/2020 17:00	13,116,947.5	495,149.2	421680	65.3
03/28/2020 18:00	11,576,271.5	440,382.1	421680	66.2
03/28/2020 19:00	9,959,959.7	376,424.6	421680	66.1
03/28/2020 20:00	8,564,322.0	324,258.9	421680	66.0
03/28/2020 21:00	7,474,360.6	283,472.5	421680	66.0
03/28/2020 22:00	6,416,304.7	245,366.7	421680	66.0
03/28/2020 23:00	4,924,179.1	193,574.0	421680	66.0
03/29/2020 00:00	3,527,611.1	148,588.9	421680	64.8
03/29/2020 01:00	2,562,991.0	116,600.2	421764	64.8
03/29/2020 02:00	2,119,699.5	101,468.8	421476	64.7
03/29/2020 03:00	1,964,698.6	97,645.5	421680	64.8
03/29/2020 04:00	2,232,500.8	114,001.3	421680	64.7
03/29/2020 05:00	3,095,928.2	150,656.9	421680	64.7
03/29/2020 06:00	4,230,597.9	193,812.0	421680	64.5
03/29/2020 07:00	5,154,439.9	233,577.0	421680	64.6
03/29/2020 08:00	6,415,579.6	289,213.6	421680	64.8
03/29/2020 09:00	8,296,101.9	351,489.5	421680	64.4
03/29/2020 10:00	10,132,509.2	412,249.8	421680	64.8
03/29/2020 11:00	11,711,867.4	462,370.9	421680	65.0
03/29/2020 12:00	12,887,669.3	502,073.5	421680	64.9
03/29/2020 13:00	13,746,060.4	523,522.6	421680	63.6
03/29/2020 14:00	13,755,470.8	521,894.1	421476	64.9
03/29/2020 15:00	13,330,273.6	511,932.4	421476	64.9
03/29/2020 16:00	12,716,743.3	487,425.0	421680	64.9
03/29/2020 17:00	11,950,261.6	458,247.6	421680	64.9
03/29/2020 18:00	10,951,323.0	427,887.4	421476	64.9
03/29/2020 19:00	9,934,884.4	392,446.3	421476	64.8
03/29/2020 20:00	9,009,182.7	357,339.3	421680	64.8
03/29/2020 21:00	7,537,274.0	307,982.6	421680	64.8
03/29/2020 22:00	5,936,784.6	258,513.1	421476	64.7
03/29/2020 23:00	4,219,801.1	202,509.6	421680	64.6
03/30/2020 00:00	2,958,374.0	160,001.9	421680	63.3
03/30/2020 01:00	2,303,018.0	139,138.1	421680	63.3
03/30/2020 02:00	2,318,434.6	152,172.0	421680	63.3
03/30/2020 03:00	3,243,104.5	217,310.1	421680	63.2
03/30/2020 04:00	6,200,118.0	356,145.0	421680	63.0
03/30/2020 05:00	11,253,034.3	585,282.7	421680	63.0
03/30/2020 06:00	14,985,212.3	768,247.3	421476	63.0
03/30/2020 07:00	16,409,747.7	868,750.7	421680	63.1
03/30/2020 08:00	15,071,658.1	886,503.9	421680	63.3
03/30/2020 09:00	13,929,507.7	891,496.6	421680	63.3
03/30/2020 10:00	14,041,639.1	910,998.7	421680	63.2
03/30/2020 11:00	14,689,968.7	937,579.8	421680	63.2
03/30/2020 12:00	15,613,620.2	953,296.8	421764	63.2
03/30/2020 13:00	16,404,893.0	942,921.3	421680	63.3
03/30/2020 14:00	17,861,576.2	941,416.6	421680	63.2
03/30/2020 15:00	19,117,519.9	921,263.2	421680	63.2
03/30/2020 16:00	18,902,741.8	865,132.9	421680	63.2
03/30/2020 17:00	17,549,899.5	784,232.2	421680	63.2
03/30/2020 18:00	13,528,152.6	640,445.6	421680	63.4
03/30/2020 19:00	10,597,892.5	522,709.1	421680	63.3
03/30/2020 20:00	8,597,460.7	445,215.2	421680	63.2
03/30/2020 21:00	7,037,183.7	386,906.6	421680	63.2
03/30/2020 22:00	5,721,678.0	335,006.0	421680	63.1
03/30/2020 23:00	4,309,752.7	272,095.1	421680	63.1
03/31/2020 00:00	3,073,209.4	211,945.1	421680	65.8
03/31/2020 01:00	2,479,150.9	183,853.9	421764	65.8
03/31/2020 02:00	2,457,945.7	188,778.1	421680	65.8
03/31/2020 03:00	3,318,439.0	251,682.1	421680	65.8
03/31/2020 04:00	6,129,997.7	393,352.9	421680	65.7
03/31/2020 05:00	11,144,744.4	618,330.6	421476	65.6
03/31/2020 06:00	15,065,050.9	811,458.3	421764	65.6
03/31/2020 07:00	16,257,315.7	904,035.3	421680	65.7
03/31/2020 08:00	14,805,507.7	896,773.0	421680	65.8
03/31/2020 09:00	13,745,941.8	905,735.0	421680	65.9
03/31/2020 10:00	13,787,189.6	922,017.5	421680	65.8
03/31/2020 11:00	14,372,788.5	940,778.2	421680	65.8
03/31/2020 12:00	15,266,744.8	956,985.0	421680	65.8
03/31/2020 13:00	16,182,397.8	946,375.9	421764	65.8
03/31/2020 14:00	17,698,828.4	945,321.3	421680	65.8
03/31/2020 15:00	18,948,056.3	916,815.8	421476	65.6
03/31/2020 16:00	18,760,657.9	858,616.7	421680	65.5
03/31/2020 17:00	17,350,038.6	779,701.9	421680	65.6
03/31/2020 18:00	13,462,243.8	640,711.1	421560	65.6
03/31/2020 19:00	10,625,765.6	522,322.4	421680	63.4
03/31/2020 20:00	8,545,089.2	447,292.5	421680	65.5
03/31/2020 21:00	7,003,139.0	386,836.9	421680	65.5
03/31/2020 22:00	5,742,023.9	332,652.9	421680	65.5
03/31/2020 23:00	4,354,831.9	272,881.5	421680	65.5
04/01/2020 00:00	3,130,937.7	212,007.5	421680	66.0
04/01/2020 01:00	2,480,984.6	176,586.8	421680	65.9
04/01/2020 02:00	2,472,471.8	183,844.1	421680	65.9
04/01/2020 03:00	3,308,946.5	246,180.6	421680	65.8
04/01/2020 04:00	6,183,906.2	386,635.6	421680	65.7
04/01/2020 05:00	11,352,008.3	618,263.3	421680	65.7
04/01/2020 06:00	15,291,780.0	814,398.2	421680	65.6
04/01/2020 07:00	16,629,279.8	911,040.6	421680	65.7
04/01/2020 08:00	15,063,642.1	903,189.7	421680	65.8
04/01/2020 09:00	13,907,760.3	903,026.6	421680	65.9
04/01/2020 10:00	13,965,638.5	919,574.0	421680	65.7
04/01/2020 11:00	14,569,932.8	931,885.0	421680	65.8
04/01/2020 12:00	15,509,445.3	941,767.2	421680	65.7
04/01/2020 13:00	16,478,124.8	944,160.5	421680	64.6
